5REMROBERT PUSH222@GMAIL.COM
10READA
20IFA=-1THENSC=0:GOTO10
30IFA=-2THENSC=256:GOTO10
40IFA=-3THENGOSUB110:GOTO10
50IFA=-4THENRESTORE:GOTO10
60IFA=-5THENREADA:GOSUB120:GOTO10
70IFA=-6THENREADB,C,D:GOSUB140:GOTO10
80IFA>=0THENA=A+SC:PS=A:READA:FN=A
90POKE16384+PS,FN
100GOTO10
110FORZ=1TO750:NEXTZ:RETURN
120IFA<9THENCLSA:RETURN
130POKE49151,A:RETURN
140FORA=B+16384TOC+16384:POKEA,D:NEXTA:RETURN
1000DATA-5,3,-6,480,511,128,-6,448,479,207,-6,416,447,128,-6,384,415,32,-6,42,54,163,-6,134,139,172
1010DATA-6,141,152,172,-1,40,169,41,162,54,166,71,169,74,166,87,166,102,169,107,166,120,166,133,169
1090DATA140,166,153,166,165,165,172,170,185,170,197,165,204,170,207,8,209,15,211,13,213,5
1100DATA217,170,229,165,236,170,249,170,-2,5,165,12,170,15,1,17,12,19,15,21,14,23,5
1110DATA25,170,37,165,39,174,40,166,44,170,57,170,69,165,71,174,72,164,76,170,89,170
1120DATA101,165,103,174,104,166,108,170,121,170,-3,-1,207,72,211,77,-2,17,76,21,78
1240DATA-3,-1,209,79,213,69,-2,15,65,19,79,23,69,-3,-1,207,175,211,175,-2,17,175,21,175
1340DATA-3,-2,19,175,-3,-1,213,175,-2,15,175,-3,23,175,-3
1430DATA-1,209,175,-2,45,174,46,166,47,174,48,166,49,174,50,166,51,174,52,166,53,174
1440DATA54,166,55,174,56,166,77,174,78,164,79,174,80,164,81,174,82,164,83,174,84,164
1450DATA85,174,86,164,87,174,88,164,109,174,110,166,111,174,112,166,113,174,114,166,115,174
1460DATA116,166,117,174,118,166,119,174,120,166,-3
1520DATA-1,173,23,174,5,176,14,177,5,178,5,179,4,181,20,182,15,205,2,206,5
1530DATA208,15,209,14,210,20,211,9,212,13,213,5,237,6,238,15,239,18,241,15,242,21
1540DATA243,18,-2,13,6,14,12,15,9,16,7,17,8,18,20
1550DATA-3,-6,173,184,175,-6,205,216,175,-6,237,248,175,-6,269,280,175
1650DATA-1,173,20,174,15,175,32,176,6,177,18,178,1,179,14,180,3,181,5,-3
1652DATA-6,173,184,175,-6,205,216,175,-6,237,248,175,-6,269,280,175
1660DATA206,175,208,175,209,175,210,175,211,175,212,175,213,175,237,175,238,175,239,175,241,175
1670DATA242,175,243,175,-2,13,175,14,175,15,175,16,175,17,175,18,175
1680DATA-3,-6,301,312,175,-6,333,344,175,-6,365,376,175,-3
1900DATA-1,173,175,174,175,175,175,176,175,177,175,178,175,207,26,213,26,232,26,-2,39,175
1910DATA40,175,47,26,53,26,71,175,72,175,103,175,104,175
1920DATA-1,89,26,114,26,170,26,176,26,182,26,201,26,241,26,247,26,-2,16,26,22,26
1930DATA-3,-1,21,26,27,26,58,26,77,26,83,26,108,26,154,26,179,26,210,26,216,26,-3
2130DATA-1,58,175,89,175,176,175,201,175,207,175,232,175,-2,16,175,22,175,47,175,53,175
2140DATA-3,-1,83,175,108,175,114,175,170,175,210,175,213,175,241,175,247,175,-3
2270DATA-1,77,175,154,175,179,175,182,175,216,175,-3,-1,21,175,27,175,-3
2420DATA-1,173,49,174,15,175,58,176,48,177,48,178,16,179,13,-3,-1,173,48,174,49,178,1,-3
2590DATA-1,174,51,176,50,177,50,-3,-1,174,53,-3
2710DATA-1,239,63,241,63,243,63,245,63,-2,15,14,16,15,18,1,19,12,20,1,21,18,22,13,-3
2790DATA-6,239,245,175,-6,271,278,175,-3,-3,-1,176,51,-2,16,26,47,26,-3,-1,241,23,242,5,-3
2930DATA213,26,241,14,243,5,244,4,-3,211,26,213,175,241,20,242,15,243,175,244,175
3040DATA-3,241,2,242,5,-3,241,21,242,16,-3,241,2,242,25,-3
3290DATA176,52,241,53,242,1,243,13,-3,241,15,242,21,243,18,-3
3460DATA241,6,242,12,243,9,244,7,245,8,246,20,-3,241,12,242,5,243,1,244,22,245,5,246,19
3580DATA-3,-6,243,246,175,-3,241,1,242,20,-3,174,54,176,49,241,119,242,122,243,112,244,112
3740DATA-3,211,175,241,175,242,175,243,175,244,175,-2,16,175,47,175
3820DATA-3,-1,177,51,239,72,240,79,241,78,242,69,243,89,-3
3950DATA-1,239,87,240,72,241,65,242,84,243,175,-2,15,84,16,73,17,77,18,69,46,73
3960DATA47,83,49,73,50,84,51,127,-3,-6,239,242,175,-6,271,274,175,-6,302,307,175,-3
4100DATA-1,177,52,-2,15,26,16,26,17,26,19,54,20,58,21,49,22,52,-3,-2,80,15,81,8,-3
4310DATA-2,82,46,-3,83,46,-3,84,46,-3,85,63,-3,-6,270,279,175,-6,335,342,175,-3
4660DATA-1,238,83,239,73,240,88,241,113,242,116,243,97,244,97,245,97,-2,49,118,50,122
4670DATA51,113,52,116,53,97,54,97,55,97,-3,-6,173,179,175,-6,238,245,175,-6,305,311,175,-3
4830DATA-6,173,184,175,-6,205,216,175,-6,237,248,175,-6,269,280,175,-6,0,383,207,-6,0,383,223
4890DATA-6,261,278,220,-6,357,374,211
4910DATA-1,204,217,205,211,206,214,217,217,218,211,219,214,235,217,237,222,238,215,248,217
4920DATA250,222,251,215,-2,10,216,13,212,23,217,25,222,26,215,36,217,37,222,39,222,41,222
4930DATA43,222,45,222,47,222,49,222,51,222,53,222,55,222,57,218,68,214,75,214,77,214
4940DATA89,218,104,210,108,214,109,220,110,209,117,210,119,211,120,211,121,215
4950DATA-1,104,87,105,79,106,87,108,87,109,69,111,74,112,85,113,83,114,84,116,77
4960DATA117,65,118,68,119,69,121,73,122,84,123,97,-3,-6,104,123,223,-6,384,415,207,-3
5010DATA-6,384,415,128,-3,-6,384,415,207,-2,104,211,117,211,-3,-6,384,415,223
5070DATA-6,416,447,207,-6,416,447,128,-6,416,447,223,-6,480,511,207,-6,448,479,128,-3
5130DATA-6,448,479,207,-6,448,479,223,-6,480,511,192,-3,-6,480,511,207,-6,480,511,223
5190DATA-3,-1,132,214,133,217,111,214,112,217,-2,208,214,209,217,-1,132,223,133,223,-2,208,223,209,223
5250DATA-1,111,223,112,223,146,214,147,217,120,214,121,217,146,223,147,223
5270DATA120,223,121,223,125,214,126,217,125,223,126,223,131,218,163,211,164,215
5310DATA70,218,102,216,103,221,131,223,133,218,134,209,135,128,163,223,164,223,165,218
5320DATA166,217,167,216,-3
5340DATA-1,18,218,50,218,70,223,82,217,83,221,102,223,103,223,113,217,115,219,116,221
5350DATA133,223,134,223,135,223,145,213,146,214,147,214,148,213,165,223,166,223,167,223,177,213
5360DATA178,214,179,214,180,213,209,213,210,214,211,214,212,213,241,213,242,214,243,214,244,213
5370DATA-2,17,212,20,212,113,209,116,209,145,213,146,214,147,214,148,213,177,213,178,214,179,214
5380DATA180,213,209,213,210,214,211,214,212,213,241,213,242,214,243,214,244,213,-3
5400DATA-1,18,223,31,218,50,223,63,218,82,223,83,223,95,218,113,223,115,223,116,223
5410DATA127,218,145,223,146,223,147,223,148,223,159,218,177,223,178,223,179,223,180,223,191,218
5420DATA209,223,210,223,211,223,212,223,223,218,241,223,242,223,243,223,244,223,255,218,-2,17,220
5430DATA20,220,31,218,63,218,95,218,113,211,116,211,127,218,145,223,146,223,147,223,148,223
5440DATA159,218,177,223,178,223,179,223,180,223,191,218,209,223,210,223,211,223,212,223,223,218
5450DATA241,223,242,223,243,223,244,223,255,218,-3
5470DATA-1,31,223,63,223,95,223,127,223,159,223,191,223,223,223,255,223,-2,31,223,63,223
5480DATA95,223,127,223,159,223,191,223,223,223,255,223,-3,-2,104,209,117,209,-6,480,511,128,-3
5530DATA-6,448,479,128,-6,448,479,207,-6,416,447,128,-6,384,415,207,-6,384,415,128,-6,384,415,207
5590DATA-6,384,415,128,-6,416,447,207,-6,416,511,32
5620DATA-1,101,6,102,9,103,14,104,1,105,12,106,12,107,25,109,8,110,5,111,18
5630DATA112,5,113,33,-3,-6,101,377,223,-6,384,415,207,-6,234,243,211
5680DATA-1,233,217,235,211,236,211,237,211,238,211,239,211,240,211,243,214,-2,8,217,10,216
5690DATA12,77,13,79,14,86,15,69,16,82,17,83,19,218,39,217,42,220,43,221,48,220
5700DATA49,221,51,218,71,212,72,220,73,217,74,222,75,219,76,220,77,220,78,220,79,217
5710DATA80,222,81,219,82,220,83,217,106,214,107,215,112,214,113,215,-3
5730DATA-1,172,13,173,1,174,18,175,22,203,47,-3,172,223,173,223,174,223,175,223,203,223
5750DATA-3,172,26,173,26,174,26,203,47,-3,172,223,173,223,174,223,203,223,-3
5810DATA172,8,173,5,174,25,175,33,177,13,178,1,179,18,180,22,181,33,203,47,-3,-6,168,182,223
5840DATA172,223,173,223,174,223,175,223,177,223,178,223,179,223,180,223,181,223,203,223,-3
5860DATA107,26,110,38,144,33,172,35,203,47,-3
5880DATA-1,107,223,110,223,144,223,172,89,173,69,174,83,176,72,177,65,178,82,179,82
5890DATA180,89,181,127,203,111,-3,-6,384,415,128,-6,384,415,207,-3,-6,171,203,223,-3
5970DATA172,85,174,76,175,73,176,83,177,84,178,69,179,78,180,73,181,78,182,71
5980DATA184,77,185,65,186,82,187,86,188,69,189,127,203,111,-3,-6,171,204,223
6010DATA-1,172,25,173,15,174,21,176,2,177,5,178,20,180,8,181,1,182,18,183,18
6020DATA184,25,203,47,-3,-6,171,204,223
6060DATA-1,172,87,173,69,175,78,176,69,177,69,178,68,180,84,181,72,182,65,183,84
6070DATA185,79,186,78,187,69,203,111,247,66,248,73,249,71,-2,55,72,56,79,57,85,58,83
6080DATA59,69,60,97,-3,-6,172,203,223,-6,247,249,223,-6,311,316,223,-3
6150DATA-1,172,89,173,79,174,85,176,87,177,65,178,78,179,84,181,84,182,79,184,66
6160DATA185,85,186,89,188,65,203,111,212,72,213,79,214,85,215,83,216,69,218,72,219,65
6170DATA220,82,221,82,222,89,223,127,-3,-6,384,415,128,-6,384,415,207,-3,-3
6230DATA-6,172,223,223,-3
6250DATA-1,109,14,110,15,112,25,113,15,114,21,116,14,117,9,118,14,119,3,120,15
6260DATA121,13,122,16,123,15,124,15,125,16,126,33,140,47,171,47,202,47
6270DATA-3,-3,-1,141,9,143,23,144,1,145,14,146,20,148,20,149,15,151,18,152,15,153,2
6300DATA155,15,156,14,157,5,158,33,-3,-3,-6,109,202,223,171,79,172,72,202,111,-3
6360DATA173,97,-3,174,97,-3,175,97,-3,-6,171,202,223
6430DATA140,66,141,85,142,84,144,78,145,79,146,84,148,74,149,85,150,83,151,84
6440DATA153,65,154,78,155,89,171,111,172,72,173,79,174,85,175,83,176,69,202,111,-3
6460DATA177,110,178,110,179,110,-3,180,65,182,82,183,69,184,65,185,76,186,76,187,89,-3
6500DATA203,82,204,69,205,65,206,76,207,76,208,89,210,66,211,73,212,71,214,79,215,78,216,69
6520DATA-3,-6,140,216,223,-6,384,415,128,-6,384,415,207,66,217,67,221,97,218,98,220,99,216
6570DATA-3,171,72,172,69,173,89,202,111,-3
6592DATA171,84,172,72,173,69,174,82,175,69,177,73,178,84,180,73,181,83,183,77,184,65,185,82,186,86,187,97
6594DATA-3,-3,-6,384,415,207,-6,384,415,160,-6,384,415,207,-6,66,99,223,-6,39,48,211,-6,162,168,211
6670DATA-6,169,181,211,-6,183,202,223,-3
REMHEREEDIT
6700DATA-1,37,217,38,209,49,211,50,214,68,217,70,219,71,221,83,214,99,217,103,219
6710DATA104,221,116,214,130,217,136,219,137,221,149,214,162,209,163,211,169,209,181,210
6730DATA194,213,201,213,213,218,226,213,233,209,245,218,-2,2,213,21,218,34,212,35,220,36,220
6740DATA37,220,38,220,52,220,53,216,-3,-6,212,182,111
6770DATA-1,197,221,228,219,229,217,-2,4,219,5,209,36,216,37,216,-3,-3
6800DATA-1,120,72,121,69,122,89,124,89,125,79,126,85,151,111,152,83,153,69,154,69
6810DATA156,84,157,72,158,65,159,84,182,111,183,75,184,73,185,68,187,77,188,65,189,82
6820DATA190,86,191,127,212,111,-3,-6,120,126,223,-6,151,159,223,-6,183,191,223
6880DATA-1,151,89,152,69,153,65,154,72,184,72,185,65,186,82,187,82,188,89,189,110
6890DATA-3,-5,5,-6,183,189,208,-6,215,221,208,-6,247,253,208,-6,279,285,208,-6,311,317,208
6960DATA-6,343,349,208,-6,375,381,208,-6,150,158,143,-6,352,373,204
7000DATA-1,0,2,1,1,2,7,3,7,4,1,5,7,6,5,7,197,14,202,15,1
7010DATA16,9,17,18,18,16,19,15,20,18,21,20,22,197,32,195,33,195,34,128,35,195
7020DATA36,195,37,195,38,195,39,199,41,206,42,198,46,203,47,195,48,195,49,195,50,195
7030DATA51,195,52,195,53,195,54,199,65,201,67,198,73,206,74,196,81,206,82,204,83,204
7040DATA84,204,85,204,86,204,87,204,88,204,89,204,90,204,91,204,92,204,93,204,94,204
7050DATA95,205,96,201,98,214,100,198,104,207,105,206,106,198,113,202,114,143,115,143,116,143
7060DATA117,138,118,83,119,67,120,82,121,69,122,69,123,78,124,73,125,78,126,71,127,197
7070DATA129,246,133,197,135,206,136,198,145,202,146,143,147,143,148,143,149,138,150,96,159,197
7080DATA160,134,163,233,165,197,167,206,168,196,171,206,172,198,177,202,178,143,179,143,180,143
7090DATA181,139,182,129,190,131,191,197,194,150,196,201,197,206,198,198,199,206,200,198,203,206
7100DATA204,196,209,202,210,143,211,143,212,143,213,96,214,133,222,143,223,197,225,185,227,201
7110DATA229,206,230,196,235,206,236,198,241,202,242,143,243,143,244,143,245,96,246,133,254,143
7120DATA255,197,-2,0,166,2,201,3,206,4,198,5,206,6,198,8,206,9,198,17,202,18,143
7130DATA19,143,20,142,21,134,22,175,23,170,30,143,31,197,33,201,35,206,36,196,40,206
7140DATA41,196,49,202,50,143,51,143,52,142,53,132,54,175,55,170,58,193,59,201,62,143
7150DATA63,197,64,201,67,206,68,198,72,206,73,198,81,202,82,143,83,143,84,142,85,134
7160DATA86,133,90,193,91,203,94,143,95,197,113,200,114,140,115,128,116,128,117,128,118,133
7170DATA122,193,123,201,126,143,127,196,165,206,166,198,179,206,180,198,197,206,198,196,211,206
7180DATA212,196,229,206,230,198,243,206,244,198
7190DATA-3,-2,0,207,35,166,-3,-1,225,207,229,182,-3,160,207,167,134,-3,73,246,129,207
7270DATA-3,98,207,203,214,-3,163,207,-2,40,230,-3,-1,194,207,-2,34,150,-3
7330DATA-2,129,71,130,73,131,86,132,69,134,84,135,72,136,73,137,83,139,84,140,79,-3
7340DATA142,75,143,69,144,86,145,73,146,78
7350DATA-3,-1,228,150,-2,34,207,-3,-1,166,150,228,207,-2,129,7,-3,-2,129,71
7390DATA-1,72,150,166,207,-3,-2,129,7,-3,-1,72,207,202,150,-2,129,71,-3,-1,202,207,-2,39,150
7450DATA-3,-6,385,402,207,-3
7480DATA-2,129,75,130,69,131,86,132,73,133,78,134,103,135,83,137,78,138,79,139,84
7490DATA141,72,142,69,143,82,144,69,-3,-1,202,150,-2,39,207,129,11,-3,-1,72,153,202,207,-2,129,75
7540DATA-3,-1,72,207,166,150,-2,129,11,-3,-1,166,207,228,150,-3,228,207,-2,34,150,-3,-6,385,400,207
7620DATA-2,130,127,132,127,134,127,136,127,138,127,-3,129,97,131,97,133,97,135,97,137,97,139,97
7650DATA-3,-6,384,396,97,-6,384,396,207,-2,34,207,66,150,-3,35,207,70,166,-3,70,207,71,207
7730DATA-3,74,166,-3,34,97,35,206,36,206,37,206,68,194,69,198,70,199,71,97,128,97,129,97
7770DATA130,97,131,75,132,69,133,86,134,73,135,78,136,97,137,97,138,97,-3,-3
7800DATA-2,131,11,133,22,135,14,-3,132,5,134,9,-3,129,33,137,33,-3,128,33,130,33,136,33
7890DATA-3,-3,-3,-5,5,-1,136,87,137,72,138,73,139,76,140,69,142,84,143,72,144,69,200,77,201,67
7940DATA202,67,203,65,204,76,205,76,206,73,207,83,208,84,209,69,210,83,211,103,-2,8,72
7950DATA9,69,10,65,11,68,13,66,14,65,15,67,16,75,74,72,75,79,76,77,77,69
7960DATA78,110,79,110,80,110,-3,-3
7990DATA-2,136,75,137,69,138,86,139,73,140,78,142,73,143,83,145,72,146,69,147,65
8000DATA148,68,149,73,150,78,151,71,200,70,201,79,202,82,204,84,205,82,206,79,207,85
8010DATA208,66,209,76,210,69,-3,-2,211,110,212,110,213,110,-3,-5,5
8060DATA-1,72,65,73,67,74,84,75,85,76,65,77,76,78,76,79,89,136,84,137,82
8070DATA138,79,139,85,140,66,141,76,142,69,207,73,208,83,-2,12,72,13,69,14,65,15,68
8080DATA16,73,17,78,18,71,79,70,80,79,81,82,145,72,146,73,147,77
8090DATA-3,-3,-5,5,-6,320,511,143,-6,328,342,128,-6,360,374,128,-6,392,406,128,-6,424,438,128
8180DATA-6,456,470,128,-6,488,502,128,-6,0,351,175,-6,352,383,175,-6,384,415,175
8230DATA-2,167,142,183,141,198,142,199,128,215,128,216,141,229,142,230,128,231,128,247,128
8240DATA248,128,249,141,-3
8260DATA8,174,9,163,10,163,11,163,12,163,13,173,40,170,41,172,42,172,43,172
8270DATA44,172,45,165,72,170,73,167,74,194,75,193,76,171,77,165,104,170,105,163,106,128
8280DATA107,128,108,163,109,165,137,128,140,128,207,207,-3
8300DATA-1,175,8,176,5,177,25,179,13,180,1,181,18,182,22,206,47,237,47
8310DATA240,20,241,8,242,1,243,20,245,11,246,9,247,4,249,7,250,1,251,22
8320DATA252,5,-2,48,13,49,5,51,20,52,8,53,5,55,3,56,18,57,5,58,5,59,16,60,19,-3,-3
8370DATA-6,175,252,175,-6,304,316,175,-3,-3
8410DATA-1,206,89,207,69,208,65,209,72,211,73,213,75,214,78,215,79,216,87,237,111
8420DATA-2,16,72,17,65,18,82,19,82,20,89,21,110,-3,-3,-6,206,237,175,-6,272,277,175,-3,-3
8490DATA-1,206,87,207,72,208,65,209,84,211,68,212,79,214,89,215,79,216,85,218,84
8500DATA219,72,220,73,221,78,222,75,237,111,238,89,239,79,240,85,242,75,243,78,244,79
8510DATA245,87,247,77,248,65,249,82,250,86,251,127,-3,-3,-6,206,251,175
8560DATA-2,175,207,207,128,239,207,-3,-3,175,208,207,207,239,208,-3,-3
8620DATA175,207,207,128,239,207,-3,-3
8650DATA-1,206,73,208,84,209,72,210,73,211,78,212,75,214,87,215,69,217,83,218,72
8660DATA219,79,220,85,221,76,222,68,237,111,239,71,240,79,242,65,243,84,245,78,246,73
8670DATA247,71,248,72,249,84,-3,-3,-2,15,87,16,72,17,89,19,77,20,65,21,82,22,86,23,127
8710DATA-3,-3,-6,206,249,175,-6,271,279,175,-3
8760DATA-1,206,66,207,69,208,67,209,65,210,85,211,83,212,69,214,65,215,76,216,76
8770DATA218,75,219,73,220,68,221,83,237,111,238,65,239,82,240,69,242,65,243,70,244,82
8780DATA245,65,246,73,247,68,249,79,250,70,252,84,253,72,254,69,-2,14,68,15,65,16,82
8790DATA17,75,18,97,-3,-3,-6,206,254,175,-6,270,274,175,-3,175,128,207,207,239,128
8870DATA-3,175,207,207,192,239,207,-3,-3,-3
8920DATA-1,206,89,207,79,208,85,210,65,211,82,212,69,214,65,215,70,216,82,217,65
8930DATA218,73,219,68,221,79,222,70,237,111,238,84,239,72,240,69,242,68,243,65,244,82
8940DATA245,75,247,84,248,79,249,79,251,77,252,65,253,82,254,86
8950DATA-3,-3,-6,205,255,175
8990DATA175,65,176,77,178,78,179,79,180,84,182,97,183,97,184,97,206,111,237,111
9000DATA-3,-3,-3,-6,175,237,175,-3
REMSHOTTOTHEFACEBELOW
9150DATA-5,0,16,202,48,202,80,202,112,202,144,202,176,202,208,202,224,195,225,195,226,195
9170DATA227,195,228,195,229,195,230,195,231,195,232,195,233,195,234,195,235,195,236,195,237,195
9180DATA238,195,239,195,240,203,241,195,242,195,243,195,244,195,245,195,246,195,247,195,248,195
9190DATA249,195,250,195,251,195,252,195,253,195,254,195,255,195,-2,0,250,16,202,32,250,48,202
9200DATA64,250,80,202,96,251,112,202,128,250,144,202,160,207,172,193,173,201,176,202,192,207
9210DATA202,188,203,189,204,195,205,203,208,202,224,250,236,193,237,201,240,202,-3
9230DATA33,45,35,10,36,21,37,19,38,20,40,15,41,16,42,5,43,14,65,20
9240DATA66,8,67,5,69,4,70,15,71,15,72,18,97,178,98,8,99,1,100,18,101,18
9250DATA102,25,-3,-3,-3,-6,289,299,128,-6,321,328,128,-6,354,358,128
9320DATA35,19,36,9,37,26,38,26,39,12,40,5,66,47,-3,-3,-3,-6,291,296,128
9370DATA66,128,-3,98,45,100,19,101,9,102,26,103,26,104,12,105,5,-3,-3,-6,354,361,128
9430DATA66,15,67,15,68,15,69,21,70,21,71,21,72,3,73,8,74,46,75,46
9440DATA76,46,99,26,100,26,101,26,102,26,103,26,104,26,105,26,106,26,107,26,108,46
9450DATA109,46,110,46,-3,-3,-3,-6,322,332,128,-3,-3,-3,-6,355,366,128,-3
9550DATA33,83,34,84,35,73,36,67,37,75,39,89,40,79,41,85,42,82,65,72
9560DATA66,69,67,65,68,68,70,73,71,78,73,84,74,72,75,69,76,82,77,69,98,77,99,65,100,82,101,86
9580DATA-3,-3,-3,-6,289,298,128,-6,321,333,128,-6,354,357,128,-2,193,200,-3,161,194,193,198,-3
9680DATA161,193,193,201,194,200,-3,-3,161,128,162,194,193,204,194,198,-3
9730DATA201,148,201,152,200,148,201,128,200,152,199,148,200,128,199,152,198,148,199,128
9800DATA198,152,197,148,198,128,197,152,196,148,197,144,196,152,195,148,196,128,195,152
9870DATA162,178,193,188,194,182,-3,195,146,195,128,227,152,227,146
9920DATA162,194,193,204,194,198,-3,162,178,194,182,-3,161,193,162,128,193,201,194,200
9970DATA-3,194,184,-3,161,194,193,198,194,128,-3,161,128,193,200,193,184,-3
10050DATA161,45,162,15,163,15,164,21,165,21,166,3,167,8,193,176,-3,-6,417,425,128,166,128,167,128
10090DATA161,45,162,8,163,5,165,19,166,8,167,15,168,20,194,13,195,5,-3
10110DATA-6,417,424,128,194,128,195,128,-3
10140DATA33,45,34,8,35,5,66,2,67,21,68,18,69,14,70,5,71,4,98,13
10150DATA99,5,100,46,-3,-6,289,291,128,-6,322,327,128,-6,354,357,128
10200DATA34,12,35,5,36,20,37,39,38,19,66,7,67,5,68,20,98,5,99,13,-3,-5,0
REM BASEMENT
10230DATA-2,64,45,66,7,67,15,69,1,70,18,71,15,72,21,73,14,74,4,-3,-6,320,331,128
10260DATA128,194,97,9,99,6,100,15,101,21,102,14,103,4,105,1,107,23,108,1,109,25
10280DATA111,9,112,14,113,33,-3,-6,353,369,128,128,193,128,128,129,194,129,193
10350DATA129,128,130,194,130,193,130,128,131,194,131,193,131,128,132,194,132,193
10410DATA132,128,133,194,103,9,105,20,106,8,107,9,108,14,109,11,111,9,135,6,136,15,137,21
10430DATA138,14,139,4,141,1,167,12,168,9,169,7,170,8,171,20,173,19,174,23,175,9
10440DATA176,20,177,3,178,8,-6,359,434,128,133,200,5,147,5,128,37,156,37,147
10500DATA37,128,69,156,69,147,69,128,101,156,69,128,101,147,102,146,133,194,134,194,133,128,133,194,134,128
10570DATA100,145,102,128,132,177,133,185,164,177,165,187,196,177,197,185,-3
10590DATA100,128,101,128,132,128,133,156,164,128,165,128,196,128,197,128,-3,133,147
10620DATA133,128,165,156,165,147,165,128,197,156,197,128,197,180,197,128,165,177
10690DATA135,184,165,128,104,200,135,128
10710DATA41,9,42,39,43,13,45,3,46,15,47,13,48,9,49,14,50,7,52,6
10720DATA53,15,54,18,73,25,74,15,75,21,77,11,78,9,79,4,-3
10740DATA-6,297,335,128,104,196,104,128,105,200,105,196,74,194,105,128
10790DATA44,20,45,8,46,5,48,19,49,20,50,1,51,9,52,18,53,19,74,196,-3
10810DATA-6,300,309,128,43,196,74,128,12,194,43,128
10840DATA-1,238,15,239,15,240,21,241,21,242,3,243,8,244,33,-2,77,187,-6,238,244,128
10860DATA12,128,73,194,77,128,173,183,73,128,168,193,-3,168,128,-3
10910DATA168,193,-3,168,128,-3,168,193,-3,173,187,45,194,73,128,168,128
10990DATA15,128,45,128,47,194,143,187,173,128,-1,212,194,-2,47,128,52,187,143,128
11010DATA-1,121,194,212,128,217,187,-2,52,128,-3,-1,121,128,217,128,-5,0
11070DATA-3,-3,-3,-5,0,-1,109,20,110,15,200,2,201,5,206,3,207,15,208,14,209,20,210,9,211,14
11120DATA212,21,213,5,214,4,-3,-3,-3,-4




